156729;142694;28;54;0.9980535507202148
156729;142694;30;56;0.9977263808250427
156729;142694;22;46;0.9976707100868225
156729;142694;26;52;0.9976128339767456
156729;142694;38;66;0.9976065158843994
156729;142694;26;50;0.9975886344909668
156729;142694;24;48;0.997398853302002
156729;142694;36;64;0.9973925352096558
156729;142694;48;80;0.9973849654197693
156729;142694;32;60;0.997344434261322
156707;142695;192;24;0.9982833862304688
156707;142695;190;24;0.99788898229599
156707;142695;192;26;0.9975058436393738
156707;142695;184;20;0.997259259223938
156707;142695;194;26;0.9967995882034302
156707;142695;50;44;0.9965677261352539
156707;142695;184;18;0.9957075119018555
156707;142695;194;24;0.995402455329895
156707;142695;182;18;0.9948158860206604
156707;142695;48;42;0.9945975542068481
156683;142695;204;128;0.9984250068664551
156683;142695;226;136;0.9983195662498474
156683;142695;228;136;0.99820876121521
156683;142695;224;134;0.9981689453125
156683;142695;222;134;0.9980103373527527
156683;142695;202;126;0.9979915618896484
156683;142695;222;132;0.9979279041290283
156683;142695;226;134;0.9979190230369568
156683;142695;202;128;0.9977002739906311
156683;142695;208;130;0.997607946395874
156728;142695;64;48;0.9991952776908875
156728;142695;66;50;0.999190628528595
156728;142695;64;50;0.9991692304611206
156728;142695;62;48;0.9991394281387329
156728;142695;62;46;0.9989483952522278
156728;142695;60;46;0.9989131689071655
156728;142695;68;52;0.9987004995346069
156728;142695;66;52;0.9986814856529236
156728;142695;60;44;0.9984496831893921
156728;142695;58;44;0.9979333877563477
156698;142694;100;224;0.9995030164718628
156698;142694;98;222;0.9994439482688904
156698;142694;102;226;0.9994149208068848
156698;142694;96;220;0.9991635084152222
156698;142694;104;228;0.999123752117157
156698;142694;100;222;0.9989670515060425
156698;142694;90;214;0.9987849593162537
156698;142694;88;212;0.9987629652023315
156698;142694;106;230;0.9986410737037659
156698;142694;102;224;0.9986186027526855
156729;142695;228;78;0.9951860308647156
156729;142695;224;72;0.9944243431091309
156729;142695;232;82;0.9937435984611511
156729;142695;230;80;0.9936951994895935
156729;142695;222;70;0.9933510422706604
156729;142695;198;34;0.99297696352005
156729;142695;224;74;0.992866039276123
156729;142695;226;76;0.9926486611366272
156729;142695;226;78;0.9926449060440063
156729;142695;192;24;0.9923481941223145
156684;142695;172;140;0.9953619837760925
156684;142695;174;142;0.994855523109436
156684;142695;174;140;0.9935628175735474
156684;142695;184;158;0.9930564761161804
156684;142695;172;142;0.9929218888282776
156684;142695;184;160;0.9920079708099365
156684;142695;172;138;0.9909939169883728
156684;142695;20;128;0.9908887147903442
156684;142695;174;144;0.9901970624923706
156684;142695;184;162;0.9890648126602173
156433;142694;186;210;0.9980939030647278
156433;142694;186;212;0.9979655742645264
156433;142694;188;210;0.9979104399681091
156433;142694;188;212;0.9973637461662292
156433;142694;190;210;0.9968886971473694
156433;142694;184;210;0.9963968396186829
156433;142694;184;212;0.9956414699554443
156433;142694;196;220;0.9949784874916077
156433;142694;190;212;0.9948857426643372
156433;142694;196;218;0.9946375489234924
156589;142694;104;30;0.9965776801109314
156589;142694;120;22;0.9963173866271973
156589;142694;120;24;0.9962068796157837
156589;142694;118;22;0.9958176016807556
156589;142694;102;28;0.9956533908843994
156589;142694;106;30;0.9955844283103943
156589;142694;122;24;0.9955783486366272
156589;142694;128;44;0.9953472018241882
156589;142694;108;32;0.9952775239944458
156589;142694;128;30;0.9951902627944946
156502;142694;224;188;0.9985727071762085
156502;142694;224;190;0.998478353023529
156502;142694;226;196;0.9983416795730591
156502;142694;226;194;0.9982908368110657
156502;142694;228;202;0.9977128505706787
156502;142694;234;218;0.9976558685302734
156502;142694;226;192;0.9976418018341064
156502;142694;224;192;0.9975534081459045
156502;142694;228;200;0.9975426197052002
156502;142694;224;186;0.9974986910820007
156475;142695;106;104;0.9951411485671997
156475;142695;104;102;0.9948238134384155
156475;142695;106;102;0.9947445392608643
156475;142695;104;100;0.9945793151855469
156475;142695;104;104;0.992676317691803
156475;142695;102;100;0.9919880628585815
156475;142695;106;106;0.9917455315589905
156475;142695;104;98;0.9914352297782898
156475;142695;106;100;0.9909219145774841
156475;142695;108;106;0.9902341365814209
156431;142695;68;210;0.9983331561088562
156431;142695;60;202;0.9979648590087891
156431;142695;60;200;0.9975874423980713
156431;142695;70;212;0.9971799850463867
156431;142695;68;212;0.9971601963043213
156431;142695;66;208;0.9971596002578735
156431;142695;62;202;0.9966378211975098
156431;142695;66;210;0.9966083765029907
156431;142695;70;210;0.9965439438819885
156431;142695;58;200;0.9963052272796631
156714;142694;126;162;0.9969210624694824
156714;142694;108;164;0.9961931705474854
156714;142694;124;162;0.9955357313156128
156714;142694;126;160;0.9953556060791016
156714;142694;108;166;0.9940033555030823
156714;142694;126;202;0.9939748644828796
156714;142694;110;166;0.9939277172088623
156714;142694;128;164;0.9937641620635986
156714;142694;124;160;0.9935196042060852
156714;142694;128;162;0.9933083057403564
157021;142695;218;74;0.9964321851730347
157021;142695;218;72;0.9959694147109985
157021;142695;220;76;0.9931938052177429
157021;142695;220;74;0.9922423362731934
157021;142695;218;76;0.9920077323913574
157021;142695;164;48;0.9899298548698425
157021;142695;216;72;0.9889726042747498
157021;142695;216;74;0.988568902015686
157021;142695;166;50;0.9874768853187561
157021;142695;164;50;0.9869001507759094
156537;142695;42;200;0.994076132774353
156537;142695;86;238;0.9929007291793823
156537;142695;84;238;0.9914884567260742
156537;142695;44;202;0.9910206198692322
156537;142695;40;198;0.9910092353820801
156537;142695;82;236;0.9902215003967285
156537;142695;36;196;0.9901725053787231
156537;142695;80;234;0.9893319606781006
156537;142695;48;206;0.9889366626739502
156537;142695;46;204;0.9884707927703857
156688;142695;30;114;0.9959188103675842
156688;142695;108;118;0.9947015047073364
156688;142695;106;116;0.9945804476737976
156688;142695;106;114;0.9938129186630249
156688;142695;108;116;0.9933643341064453
156688;142695;108;120;0.9918075203895569
156688;142695;32;114;0.9907897710800171
156688;142695;106;118;0.9903226494789124
156688;142695;32;116;0.9901676177978516
156688;142695;30;116;0.9896878600120544
156680;142694;220;202;0.9921781420707703
156680;142694;78;74;0.9908748865127563
156680;142694;70;214;0.9899695515632629
156680;142694;222;234;0.986751914024353
156680;142694;78;76;0.9850068688392639
156680;142694;78;72;0.9820107817649841
156680;142694;80;74;0.9813069105148315
156680;142694;156;160;0.9801537990570068
156680;142694;72;216;0.9800828099250793
156680;142694;224;234;0.9798421263694763
156681;142694;162;32;0.9937586784362793
156681;142694;162;30;0.9905092716217041
156681;142694;86;212;0.9898850917816162
156681;142694;90;196;0.9890390634536743
156681;142694;164;32;0.9881449937820435
156681;142694;164;34;0.9870930314064026
156681;142694;90;194;0.9867679476737976
156681;142694;86;210;0.9844490885734558
156681;142694;84;208;0.9838935136795044
156681;142694;160;30;0.9830038547515869
