156411_142695_18.jpeg;180;28;0.5000016093254089
156412_142695_18.jpeg;164;102;0.5001026391983032
156419_142694_18.jpeg;90;24;0.5002465844154358
156404_142696_18.jpeg;88;80;0.5004501938819885
156416_142694_18.jpeg;18;38;0.5004748702049255
156411_142694_18.jpeg;174;94;0.500604510307312
156408_142695_18.jpeg;36;22;0.5006446838378906
156415_142694_18.jpeg;190;60;0.5006676912307739
156418_142694_18.jpeg;42;30;0.5007248520851135
156418_142696_18.jpeg;100;116;0.5007592439651489
156399_142696_18.jpeg;202;54;0.5007610321044922
156405_142694_18.jpeg;66;102;0.500799834728241
156411_142696_18.jpeg;128;36;0.500879168510437
156407_142695_18.jpeg;44;18;0.5009034872055054
156413_142696_18.jpeg;30;16;0.5009198784828186
156400_142696_18.jpeg;106;52;0.5010006427764893
156399_142695_18.jpeg;40;146;0.501044511795044
156405_142695_18.jpeg;32;110;0.5011935830116272
156399_142694_18.jpeg;62;150;0.501223623752594
156415_142696_18.jpeg;144;98;0.5012446641921997
156420_142696_18.jpeg;48;76;0.50130695104599
156401_142696_18.jpeg;60;84;0.5013136267662048
156412_142695_18.jpeg;212;66;0.5013976097106934
156402_142694_18.jpeg;194;112;0.5014344453811646
156413_142696_18.jpeg;132;42;0.5014601945877075
156403_142695_18.jpeg;88;18;0.5015757083892822
156410_142695_18.jpeg;78;50;0.5016592144966125
156409_142695_18.jpeg;190;20;0.5017776489257812
156416_142694_18.jpeg;40;36;0.5019234418869019
156406_142696_18.jpeg;30;20;0.5019415616989136
156419_142696_18.jpeg;104;32;0.5019570589065552
156398_142694_18.jpeg;116;56;0.5019906759262085
156406_142696_18.jpeg;154;16;0.5020511150360107
156405_142694_18.jpeg;26;40;0.5020583271980286
156419_142694_18.jpeg;54;22;0.5021029114723206
156413_142695_18.jpeg;160;18;0.5021315217018127
156416_142696_18.jpeg;24;46;0.5021480917930603
156417_142694_18.jpeg;228;32;0.5021495819091797
156403_142696_18.jpeg;106;24;0.5021752119064331
156414_142695_18.jpeg;132;60;0.5022653937339783
156421_142694_18.jpeg;110;26;0.5023004412651062
156401_142696_18.jpeg;46;94;0.5023967027664185
156399_142694_18.jpeg;142;164;0.5024032592773438
156409_142694_18.jpeg;18;120;0.502429187297821
156400_142694_18.jpeg;24;180;0.5024441480636597
156414_142694_18.jpeg;198;96;0.502517580986023
156405_142696_18.jpeg;52;38;0.5025529265403748
156398_142694_18.jpeg;82;56;0.5025716423988342
156410_142695_18.jpeg;80;50;0.502650260925293
156411_142694_18.jpeg;136;114;0.5027046799659729
156414_142696_18.jpeg;218;76;0.5027148127555847
156408_142696_18.jpeg;204;22;0.5027703642845154
156400_142695_18.jpeg;156;140;0.502970814704895
156404_142694_18.jpeg;122;214;0.502972424030304
156417_142696_18.jpeg;58;16;0.5031922459602356
156412_142694_18.jpeg;212;144;0.5031964778900146
156415_142696_18.jpeg;184;106;0.5032037496566772
156421_142694_18.jpeg;28;32;0.5032057762145996
156414_142695_18.jpeg;202;62;0.5032069087028503
156409_142695_18.jpeg;194;26;0.5032142996788025
156419_142696_18.jpeg;80;80;0.5032232999801636
156414_142696_18.jpeg;68;24;0.5032516717910767
156407_142695_18.jpeg;96;44;0.5032857060432434
156399_142696_18.jpeg;196;50;0.5032917857170105
156401_142694_18.jpeg;144;138;0.5033462047576904
156408_142695_18.jpeg;86;16;0.5033920407295227
156406_142695_18.jpeg;114;24;0.5034119486808777
156415_142694_18.jpeg;202;24;0.5034260749816895
156405_142696_18.jpeg;54;44;0.5034301280975342
156406_142694_18.jpeg;236;46;0.5035222172737122
156417_142694_18.jpeg;176;30;0.5035430192947388
156399_142695_18.jpeg;92;94;0.503621518611908
156400_142695_18.jpeg;144;118;0.503717303276062
156408_142696_18.jpeg;130;26;0.503736674785614
156404_142696_18.jpeg;122;66;0.5037462115287781
156412_142694_18.jpeg;210;144;0.5038307905197144
156411_142695_18.jpeg;178;28;0.5038350224494934
156400_142696_18.jpeg;104;56;0.5038422346115112
156406_142694_18.jpeg;76;78;0.503848135471344
156411_142696_18.jpeg;104;26;0.5039203763008118
156403_142695_18.jpeg;58;32;0.5039438605308533
156415_142695_18.jpeg;214;18;0.5040292739868164
156402_142694_18.jpeg;42;58;0.5040405988693237
156398_142696_18.jpeg;52;118;0.504135012626648
156420_142695_18.jpeg;230;84;0.5041578412055969
156417_142695_18.jpeg;84;58;0.504193127155304
156417_142695_18.jpeg;48;22;0.5042408108711243
156418_142694_18.jpeg;16;30;0.5043374300003052
156400_142694_18.jpeg;140;76;0.5043725967407227
156416_142696_18.jpeg;32;42;0.5044325590133667
156413_142695_18.jpeg;118;28;0.5044699311256409
156415_142695_18.jpeg;48;72;0.5045116543769836
156414_142694_18.jpeg;230;106;0.504570484161377
156409_142694_18.jpeg;18;38;0.5046212077140808
156420_142696_18.jpeg;48;70;0.50464928150177
156417_142696_18.jpeg;22;90;0.5046671032905579
156403_142696_18.jpeg;62;24;0.5046812295913696
156398_142696_18.jpeg;194;56;0.5047078132629395
156406_142695_18.jpeg;134;38;0.5048367381095886
